add 0 1 0
add 2 3 0
add 2 4 0
add 5 6 0
add 5 7 0
add 8 9 0
add 10 11 0
add 12 13 0
add 12 14 0
add 15 16 0
add 17 18 0
add 12 19 0
add 20 21 0
add 20 22 0
add 23 24 0
add 23 25 0
add 23 26 0
add 23 27 0
add 23 28 0
add 23 29 0
add 23 30 0
add 23 31 0
add 23 32 0
add 23 33 0
add 23 34 0
add 23 35 0
add 23 36 0
add 23 37 0
add 23 38 0
add 23 39 0
add 23 40 0
add 41 42 0
add 43 44 0
add 45 46 0
add 47 48 0
add 49 50 0
add 41 51 0
add 52 53 0
add 54 55 0
add 54 56 0
add 54 57 0
add 54 58 0
add 54 59 0
add 60 61 0
add 54 54 0
add 62 63 0
add 64 65 0
add 62 4 0
add 66 67 0
add 68 69 0
add 42 41 0
add 70 71 0
add 72 21 0
add 71 70 0
add 73 74 0
add 75 76 0
add 75 48 0
add 77 78 0
add 77 79 0
add 80 81 0
add 80 68 0
add 19 62 0
add 82 83 0
add 22 21 0
add 82 84 0
add 21 72 0
add 41 85 0
add 41 86 0
add 41 87 0
add 82 86 0
add 88 89 0
add 90 91 0
add 92 20 0
add 41 93 0
add 41 94 0
add 41 95 0
add 89 96 0
add 89 88 0
add 97 98 0
add 97 99 0
add 97 100 0
add 97 101 0
add 97 102 0
add 103 104 0
add 51 41 0
add 82 105 0
add 90 106 0
add 62 107 0
add 108 109 0
add 108 66 0
add 108 110 0
add 108 111 0
add 108 112 0
add 113 114 0
add 115 116 0
add 117 118 0
add 76 119 0
add 17 120 0
add 82 121 0
add 122 123 0
add 14 12 0
add 124 125 0
add 13 126 0
add 127 128 0
add 127 129 0
add 127 130 0
add 131 132 0
add 40 26 0
add 40 29 0
add 18 133 0
add 56 55 0
add 56 54 0
add 56 59 0
add 134 6 0
add 115 62 0
add 135 136 0
add 137 138 0
add 137 137 0
add 22 20 0
add 139 140 0
add 141 142 0
add 143 143 0
add 143 51 0
add 143 133 0
add 144 145 0
add 146 147 0
add 83 82 0
add 148 149 0
add 150 103 0
add 150 150 0
add 49 84 0
add 151 28 0
add 152 153 0
add 153 152 0
add 154 155 0
add 156 157 0
add 139 15 0
add 158 159 0
add 4 2 0
add 4 3 0
add 133 18 0
add 160 161 0
add 84 162 0
add 84 50 0
add 84 49 0
add 84 71 0
add 72 163 0
add 164 139 0
add 165 166 0
add 167 168 0
add 123 122 0
add 169 115 0
add 169 170 0
add 40 171 0
add 123 103 0
add 123 172 0
add 123 61 0
add 123 123 0
add 24 96 0
add 81 80 0
add 173 21 0
add 174 175 0
add 176 177 0
add 176 178 0
add 122 179 0
add 21 22 0
add 180 130 0
add 181 182 0
add 129 183 0
add 184 184 0
add 181 179 0
add 185 52 0
add 70 186 0
add 106 187 0
add 137 175 0
add 137 174 0
add 188 189 0
add 108 190 0
add 191 157 0
add 191 191 0
add 192 193 0
add 192 194 0
add 192 195 0
add 192 2 0
add 192 192 0
add 41 196 0
add 41 197 0
add 41 198 0
add 41 199 0
add 41 200 0
add 41 167 0
add 41 201 0
add 41 202 0
add 41 203 0
add 41 204 0
add 41 205 0
add 41 206 0
add 41 207 0
add 208 208 0
add 61 123 0
add 209 210 0
add 41 128 0
add 211 54 0
add 115 212 0
add 106 189 0
add 137 208 0
add 212 115 0
add 56 58 0
add 30 25 0
add 30 36 0
add 30 41 0
add 155 213 0
add 48 47 0
add 214 180 0
add 96 24 0
add 4 4 0
add 4 62 0
add 155 215 0
add 216 15 0
add 170 170 0
add 71 217 0
add 71 50 0
add 71 49 0
add 13 13 0
add 98 97 0
add 74 1 0
add 74 218 0
add 74 219 0
add 74 215 0
add 74 220 0
add 74 221 0
add 74 222 0
add 74 223 0
add 74 18 0
add 74 224 0
add 74 225 0
add 74 226 0
add 74 227 0
add 74 17 0
add 74 228 0
add 229 64 0
add 100 97 0
add 230 21 0
add 230 20 0
add 231 232 0
add 233 209 0
add 233 234 0
add 233 235 0
add 233 236 0
add 233 159 0
add 233 237 0
add 233 210 0
add 233 238 0
add 233 239 0
add 233 240 0
add 233 241 0
add 233 242 0
add 233 243 0
add 233 244 0
add 245 115 0
add 246 247 0
add 248 74 0
add 13 238 0
add 106 62 0
add 106 249 0
add 13 27 0
add 13 209 0
add 103 250 0
add 40 251 0
add 175 252 0
add 169 251 0
add 115 169 0
add 232 231 0
add 75 253 0
add 75 40 0
add 175 174 0
add 254 137 0
add 249 212 0
add 249 255 0
add 249 256 0
add 222 74 0
add 183 257 0
add 17 218 0
add 183 198 0
add 183 258 0
add 183 183 0
add 19 12 0
add 259 72 0
add 259 260 0
add 75 261 0
add 115 170 0
add 251 169 0
add 262 262 0
add 263 263 0
add 264 265 0
add 264 266 0
add 264 267 0
add 106 268 0
add 269 45 0
add 129 270 0
add 271 272 0
add 81 256 0
add 46 139 0
add 46 15 0
add 46 273 0
add 46 272 0
add 46 274 0
add 46 164 0
add 46 216 0
add 46 45 0
add 275 276 0
add 277 277 0
add 155 114 0
add 158 62 0
add 129 278 0
add 101 101 0
add 29 40 0
add 279 107 0
add 155 208 0
add 231 280 0
add 281 281 0
add 282 283 0
add 155 284 0
add 46 46 0
add 160 28 0
add 160 23 0
add 285 286 0
add 285 211 0
add 258 183 0
add 69 287 0
add 280 231 0
add 212 249 0
add 162 288 0
add 162 71 0
add 162 84 0
add 280 289 0
add 280 270 0
add 280 196 0
add 280 168 0
add 280 167 0
add 280 290 0
add 280 203 0
add 280 14 0
add 280 291 0
add 280 284 0
add 280 129 0
add 280 130 0
add 280 292 0
add 293 19 0
add 254 226 0
add 129 294 0
add 189 106 0
add 295 296 0
add 165 115 0
add 287 69 0
add 287 80 0
add 74 248 0
add 74 297 0
add 74 73 0
add 298 299 0
add 281 137 0
add 147 62 0
add 147 249 0
add 62 300 0
add 301 248 0
add 302 303 0
add 303 302 0
add 304 303 0
add 252 233 0
add 252 166 0
add 252 121 0
add 252 145 0
add 252 115 0
add 136 115 0
add 92 22 0
add 303 304 0
add 268 106 0
add 252 212 0
add 252 288 0
add 252 58 0
add 252 175 0
add 252 305 0
add 252 48 0
add 12 293 0
add 306 62 0
add 281 2 0
add 236 209 0
add 236 238 0
add 236 235 0
add 236 243 0
add 236 244 0
add 102 97 0
add 175 15 0
add 6 5 0
add 17 307 0
add 17 308 0
add 17 1 0
add 17 177 0
add 17 74 0
add 17 309 0
add 17 215 0
add 17 248 0
add 17 220 0
add 17 310 0
add 17 85 0
add 17 311 0
add 17 221 0
add 17 312 0
add 17 222 0
add 17 313 0
add 17 223 0
add 17 0 0
add 17 224 0
add 17 314 0
add 17 225 0
add 17 315 0
add 17 226 0
add 17 73 0
add 17 316 0
add 17 317 0
add 17 228 0
add 245 318 0
add 35 62 0
add 236 319 0
add 167 167 0
add 167 201 0
add 167 133 0
add 167 18 0
add 320 321 0
add 254 62 0
add 322 45 0
add 220 177 0
add 215 295 0
add 321 320 0
add 102 323 0
add 102 300 0
add 147 212 0
add 147 42 0
add 147 105 0
add 11 324 0
add 21 173 0
add 21 325 0
add 21 10 0
add 21 20 0
add 21 306 0
add 21 326 0
add 21 327 0
add 21 230 0
add 328 329 0
add 64 229 0
add 215 5 0
add 209 236 0
add 18 62 0
add 73 330 0
add 73 248 0
add 73 331 0
add 73 297 0
add 73 17 0
add 290 290 0
add 141 332 0
add 69 306 0
add 139 46 0
add 333 114 0
add 334 335 0
add 336 337 0
add 336 116 0
add 336 165 0
add 336 115 0
add 336 136 0
add 336 338 0
add 336 169 0
add 336 251 0
add 336 135 0
add 336 339 0
add 340 134 0
add 251 336 0
add 58 57 0
add 341 74 0
add 341 309 0
add 341 215 0
add 341 311 0
add 341 222 0
add 341 316 0
add 191 342 0
add 191 277 0
add 191 149 0
add 191 262 0
add 191 343 0
add 191 344 0
add 191 345 0
add 191 346 0
add 191 214 0
add 191 347 0
add 191 348 0
add 191 349 0
add 191 350 0
add 191 284 0
add 191 351 0
add 191 231 0
add 191 278 0
add 191 130 0
add 191 178 0
add 191 122 0
add 191 179 0
add 191 352 0
add 191 207 0
add 353 354 0
add 353 185 0
add 90 13 0
add 114 155 0
add 288 233 0
add 142 355 0
add 356 357 0
add 114 113 0
add 47 339 0
add 194 194 0
add 194 195 0
add 63 137 0
add 43 358 0
add 63 63 0
add 359 360 0
add 86 128 0
add 64 5 0
add 160 187 0
add 114 361 0
add 232 103 0
add 244 236 0
add 160 190 0
add 69 212 0
add 335 334 0
add 114 129 0
add 243 271 0
add 184 190 0
add 212 69 0
add 62 18 0
add 44 362 0
add 44 293 0
add 271 243 0
add 310 62 0
add 252 105 0
add 88 303 0
add 153 62 0
add 363 283 0
add 363 161 0
add 363 280 0
add 363 256 0
add 363 211 0
add 363 364 0
add 363 106 0
add 363 236 0
add 363 365 0
add 363 249 0
add 114 263 0
add 114 318 0
add 145 87 0
add 145 252 0
add 263 114 0
add 39 28 0
add 105 252 0
add 153 366 0
add 165 28 0
add 165 114 0
add 165 169 0
add 165 367 0
add 37 37 0
add 52 185 0
add 187 329 0
add 187 106 0
add 220 223 0
add 52 52 0
add 52 368 0
add 252 304 0
add 252 96 0
add 252 89 0
add 252 88 0
add 252 302 0
add 252 369 0
add 116 169 0
add 362 44 0
add 362 293 0
add 184 298 0
add 169 116 0
add 178 176 0
add 265 264 0
add 236 363 0
add 195 194 0
add 40 370 0
add 238 236 0
add 170 136 0
add 353 371 0
add 86 205 0
add 86 41 0
add 190 184 0
add 372 373 0
add 288 162 0
add 160 113 0
add 54 211 0
add 180 343 0
add 55 58 0
add 160 263 0
add 62 153 0
add 374 44 0
add 58 208 0
add 62 340 0
add 14 290 0
add 170 115 0
add 5 215 0
add 80 375 0
add 376 377 0
add 22 92 0
add 94 201 0
add 58 162 0
add 55 54 0
add 295 378 0
add 295 379 0
add 295 103 0
add 295 380 0
add 295 381 0
add 295 382 0
add 295 376 0
add 295 181 0
add 295 383 0
add 295 384 0
add 295 283 0
add 295 157 0
add 295 385 0
add 295 386 0
add 295 387 0
add 295 388 0
add 295 389 0
add 295 390 0
add 295 61 0
add 295 391 0
add 295 392 0
add 295 393 0
add 295 394 0
add 295 250 0
add 295 395 0
add 295 396 0
add 295 397 0
add 295 398 0
add 295 377 0
add 295 368 0
add 295 104 0
add 295 321 0
add 295 60 0
add 295 150 0
add 295 320 0
add 295 295 0
add 40 35 0
add 37 30 0
add 133 307 0
add 133 399 0
add 133 167 0
add 133 400 0
add 133 133 0
add 133 401 0
add 133 232 0
add 133 291 0
add 133 284 0
add 133 206 0
add 133 402 0
add 133 52 0
add 133 179 0
add 133 403 0
add 68 21 0
add 404 166 0
add 113 160 0
add 405 106 0
add 306 69 0
add 113 47 0
add 43 406 0
add 43 407 0
add 103 378 0
add 103 377 0
add 103 321 0
add 157 395 0
add 213 155 0
add 263 160 0
add 4 63 0
add 4 286 0
add 183 282 0
add 286 4 0
add 213 61 0
add 213 320 0
add 61 380 0
add 2 195 0
add 114 256 0
add 114 365 0
add 2 305 0
add 286 174 0
add 183 303 0
add 377 376 0
add 408 408 0
add 377 103 0
add 164 216 0
add 409 409 0
add 305 2 0
add 305 63 0
add 2 2 0
add 410 329 0
add 355 256 0
add 355 365 0
add 135 135 0
add 132 411 0
add 132 132 0
add 114 340 0
add 412 4 0
add 412 2 0
add 183 129 0
add 201 94 0
add 63 3 0
add 63 62 0
add 57 137 0
add 2 412 0
add 157 191 0
add 135 336 0
add 172 413 0
add 172 123 0
add 193 193 0
add 3 63 0
add 377 61 0
add 296 296 0
add 63 174 0
add 96 96 0
add 149 148 0
add 414 415 0
add 306 306 0
add 61 377 0
add 195 2 0
add 258 329 0
add 267 19 0
add 5 5 0
add 327 21 0
add 327 416 0
add 327 173 0
add 48 50 0
add 48 75 0
add 263 417 0
add 50 87 0
add 50 49 0
add 50 71 0
add 50 84 0
add 418 62 0
add 418 184 0
add 418 299 0
add 216 164 0
add 9 19 0
add 214 345 0
add 214 351 0
add 419 290 0
add 29 420 0
add 9 421 0
add 366 366 0
add 417 263 0
add 87 422 0
add 87 154 0
add 87 41 0
add 87 145 0
add 87 50 0
add 254 186 0
add 422 87 0
add 115 136 0
add 249 105 0
add 423 417 0
add 16 424 0
add 284 155 0
add 13 301 0
add 38 25 0
add 38 26 0
add 38 40 0
add 425 426 0
add 115 427 0
add 417 423 0
add 118 117 0
add 86 189 0
add 329 187 0
add 174 63 0
add 21 68 0
add 329 410 0
add 231 172 0
add 154 87 0
add 428 429 0
add 184 299 0
add 430 249 0
add 282 212 0
add 282 121 0
add 282 83 0
add 282 424 0
add 71 162 0
add 71 431 0
add 71 432 0
add 71 433 0
add 71 83 0
add 71 84 0
add 13 36 0
add 270 129 0
add 434 215 0
add 132 285 0
add 179 157 0
add 115 338 0
add 435 435 0
add 435 147 0
add 39 23 0
add 424 15 0
add 424 45 0
add 115 337 0
add 115 436 0
add 115 123 0
add 115 437 0
add 115 165 0
add 115 336 0
add 115 438 0
add 115 251 0
add 115 439 0
add 115 135 0
add 115 339 0
add 138 137 0
add 105 249 0
add 440 413 0
add 440 275 0
add 440 178 0
add 394 104 0
add 414 414 0
add 29 23 0
add 441 360 0
add 20 86 0
add 85 17 0
add 30 23 0
add 85 41 0
add 417 442 0
add 23 115 0
add 417 443 0
add 417 444 0
add 212 282 0
add 212 145 0
add 137 57 0
add 27 23 0
add 438 35 0
add 434 23 0
add 255 249 0
add 139 129 0
add 139 445 0
add 417 113 0
add 417 114 0
add 140 139 0
add 140 446 0
add 140 447 0
add 140 448 0
add 438 169 0
add 139 342 0
add 35 438 0
add 321 104 0
add 414 449 0
add 115 23 0
add 55 56 0
add 55 57 0
add 324 11 0
add 23 434 0
add 57 55 0
add 450 434 0
add 29 438 0
add 338 116 0
add 250 150 0
add 160 405 0
add 363 154 0
add 74 177 0
add 74 74 0
add 19 267 0
add 288 217 0
add 288 84 0
add 438 29 0
add 451 452 0
add 284 160 0
add 437 135 0
add 178 177 0
add 135 437 0
add 116 338 0
add 86 453 0
add 454 357 0
add 169 438 0
add 210 210 0
add 405 160 0
add 169 338 0
add 248 142 0
add 73 73 0
add 437 455 0
add 456 456 0
add 84 82 0
add 84 121 0
add 65 457 0
add 73 215 0
add 21 212 0
add 212 21 0
add 458 129 0
add 164 46 0
add 177 176 0
add 177 178 0
add 139 164 0
add 62 283 0
add 152 147 0
add 21 74 0
add 107 113 0
add 107 417 0
add 107 114 0
add 147 152 0
add 333 62 0
add 223 459 0
add 406 11 0
add 40 48 0
add 238 244 0
add 253 75 0
add 260 74 0
add 417 62 0
add 113 417 0
add 106 405 0
add 62 333 0
add 139 429 0
add 434 450 0
add 434 460 0
add 434 365 0
add 68 80 0
add 275 172 0
add 461 45 0
add 116 336 0
add 283 308 0
add 462 463 0
add 216 216 0
add 207 41 0
add 448 140 0
add 448 272 0
add 448 46 0
add 448 45 0
add 244 238 0
add 62 441 0
add 338 123 0
add 268 459 0
add 464 280 0
add 465 155 0
add 422 404 0
add 466 421 0
add 142 187 0
add 160 18 0
add 61 295 0
add 467 152 0
add 58 305 0
add 26 38 0
add 26 40 0
add 351 180 0
add 148 468 0
add 265 19 0
add 314 17 0
add 160 284 0
add 455 375 0
add 91 469 0
add 283 282 0
add 170 470 0
add 102 2 0
add 393 378 0
add 393 379 0
add 393 103 0
add 393 381 0
add 393 376 0
add 393 181 0
add 393 385 0
add 393 388 0
add 393 390 0
add 393 61 0
add 393 392 0
add 393 393 0
add 393 394 0
add 393 296 0
add 393 250 0
add 393 395 0
add 393 397 0
add 393 377 0
add 393 368 0
add 393 104 0
add 393 321 0
add 393 60 0
add 393 150 0
add 393 320 0
add 393 295 0
add 232 52 0
add 375 455 0
add 171 40 0
add 471 472 0
add 471 255 0
add 105 473 0
add 105 434 0
add 152 467 0
add 280 464 0
add 474 91 0
add 126 13 0
add 176 292 0
add 470 170 0
add 79 62 0
add 258 62 0
add 166 424 0
add 375 143 0
add 375 475 0
add 375 356 0
add 375 329 0
add 375 66 0
add 375 469 0
add 375 108 0
add 375 110 0
add 375 375 0
add 375 91 0
add 375 476 0
add 375 111 0
add 375 474 0
add 375 112 0
add 375 328 0
add 375 357 0
add 375 477 0
add 375 258 0
add 375 478 0
add 375 90 0
add 381 177 0
add 381 176 0
add 381 344 0
add 381 479 0
add 381 320 0
add 480 282 0
add 91 375 0
add 123 338 0
add 52 232 0
add 267 265 0
add 320 381 0
add 106 44 0
add 106 190 0
add 292 176 0
add 164 388 0
add 166 165 0
add 86 106 0